A =

   0.00000  -0.00048   0.00145   0.00000   0.00000   0.00000   0.00000
   0.00000   0.00000   0.00000   0.00033   0.00000   0.00705  -0.00738
   0.00000   0.00000   0.00000   0.00000   0.00049  -0.00754   0.00705
  -0.00100   0.00000   0.00000   0.00000  -0.00049   0.00181  -0.00032
   1.00000  -1.00000   0.00000   0.00000   0.00000   0.00000   0.00000
   0.00000   3.94808  -3.94808   0.00000   0.00000   0.00000  -1.00000
   0.00100   0.00024   0.00097   0.00000   0.00000  -0.00100  -0.00024

V7 =  7.9961
C =

   4160.61679      0.00000   -900.38014      0.00000
   8246.85480   3082.91730   4160.61679      0.00000
     21.74830     20.74830      0.00000      0.00000
      0.00000      0.00000      0.00000      1.00000

D =

   0.00000
   5.13988
   0.00000
   0.00102

