

Units for the values: V, mA, kOhm, mS and uF


Values:  R1 = 1.00332071212 
R2 = 2.04460853047 
R3 = 3.08291730437 
R4 = 4.16061678649 
R5 = 3.04022345043 
R6 = 2.06711403452 
R7 = 1.03302701196 
Vs = 5.13988034104 
C = 1.02475824097 
Kb = 7.0544535009 
Kd = 8.16113797582 



